[-0.646198, -0.999826, -0.933474, -0.937578, -0.90542, -0.657365, -0.990536, -0.97263, -0.990536, -0.897564]
[-0.992754, -0.791874, -0.935595, -0.931375, -0.951934, -0.693837, -0.901658, -0.862011, -0.832082, -0.91236]
[-0.893178, -0.546361, -0.568637, -0.884098, -0.901701, -0.935411, 0.610088, -0.623907, -0.49767, -0.518384]
[-0.699431, -0.637181, -0.861431, -0.920858, -0.935652, -0.773396, -0.985591, -0.833099, -0.852724, -0.776702]
[-0.868384, -0.729503, -0.639983, -0.799754, -0.563785, -0.655588, -0.687625, -0.776792, -0.68155, -0.659062]
[-0.802831, -0.911951, 0.453296, -0.739692, -0.409806, -0.58944, -0.58614, -0.477407, -0.490428, -0.546803]
[-0.820782, -0.925137, -0.802648, -0.917465, -0.923467, -0.90879, -0.802648, -0.718604, -0.658432, -0.733283]
[-0.844465, -0.580682, -0.647313, -0.784256, -0.980341, -0.942434, -0.781756, -0.718218, -0.736698, -0.750887]
[-0.633769, -0.805273, -0.558173, -0.909668, -0.946616, -0.889887, -0.97639, -0.935721, -0.558173, -0.721101]
[-0.808606, -0.636062, -0.770491, 0.537863, -0.956322, -0.488424, -0.590336, -0.585094, -0.610622, -0.59415]
[-0.378635, 0.632049, -0.882015, -0.869542, 0.431408, -0.306543, -0.244576, -0.262048, -0.220987, -0.232993]
[0.621037, -0.865741, -0.887451, -0.837491, -0.875317, -0.521673, -0.640591, -0.566833, -0.584659, -0.557449]
[-0.470553, 0.496465, 0.022107, 0.05119, 0.025782, -0.018597, 0.110346, -0.016536, -0.016651, 0.073989]
[0.884983, -0.388293, 0.640725, 0.594295, 0.51024, 0.458441, 0.519926, 0.497443, 0.474143, 0.519514]
[-0.784185, 0.985787, 0.562395, 0.167728, 0.307104, 0.157845, 0.306459, 0.170209, 0.190911, 0.218901]
[-0.889652, -0.663595, -0.829463, 0.926309, -0.568667, -0.453059, -0.470837, -0.478855, -0.366086, -0.498098]
[0.39778, -0.836882, -0.280559, -0.251147, -0.274968, -0.296598, -0.169553, -0.234377, -0.221073, -0.203178]
[0.669778, -0.875254, -0.775183, -0.804287, -0.500734, -0.432123, -0.38794, -0.512289, -0.377177, -0.421849]
[-0.860401, -0.817, 0.558972, 0.260958, -0.85964, 0.402699, -0.771107, -0.724636, -0.362502, -0.350836]
[0.569067, -0.764037, 0.831496, 0.279739, -0.594118, -0.25345, 0.022316, 0.017656, -0.024149, 0.105413]
[0.928397, 0.600794, 0.813021, 0.84371, 0.74587, 0.836628, 0.778236, 0.758322, 0.713389, 0.688067]
[-0.679368, 0.441771, -0.731929, -0.69887, -0.505662, -0.393658, -0.392475, -0.36492, -0.35302, -0.418477]
[0.56902, 0.483523, 0.737738, 0.533407, 0.553628, 0.567567, 0.66336, 0.485891, 0.487634, 0.635582]
[-0.777534, -0.81482, -0.535063, -0.953256, 0.665153, 0.285173, 0.630344, -0.919706, -0.474432, -0.266996]
[0.617447, -0.757045, -0.076358, -0.105645, -0.130165, -0.107389, 0.013599, 0.011615, -0.001401, -0.018698]
[0.877623, 0.913949, 0.790109, -0.88829, 0.409565, 0.410561, 0.330725, 0.374155, 0.35513, 0.520137]
[-0.871077, -0.876344, 0.829021, 0.778649, 0.630344, 0.050992, 0.065415, 0.137302, 0.173058, 0.136355]
[-0.883011, -0.99472, -0.65614, 0.322372, -0.617291, -0.597699, -0.648464, -0.583373, -0.473126, -0.601458]
[0.324617, -0.462609, -0.324504, -0.442543, -0.92379, -0.276324, -0.3838, -0.443996, -0.326076, -0.398829]
[0.569067, 0.836267, 0.310073, 0.563286, 0.576503, 0.594118, 0.65203, 0.659169, 0.476383, 0.510187]
[-0.97875, -0.838976, -0.866932, -0.992013, -0.667728, -0.962663, -0.88885, -0.90005, -0.944129, 0.999524]
[-0.488459, -0.966572, -0.8845, -0.996256, -0.984275, -0.906253, -0.848063, -0.916513, -0.895698, -0.868293]
[-0.99947, -0.863895, -0.998666, -0.878458, -0.999762, -0.914973, -0.940352, -0.98179, -0.962344, -0.970075]
[-0.656495, -0.642538, -0.987674, -0.879273, -0.778027, -0.603724, -0.821339, -0.831695, -0.725939, -0.808557]
[-0.72995, 0.708048, -0.85794, -0.525632, -0.988438, -0.941925, -0.95271, -0.682091, -0.661225, -0.515605]
[-0.690775, -0.890725, -0.629579, -0.952594, -0.993617, -0.784459, -0.852423, -0.89251, -0.790118, -0.910439]
[-0.696182, -0.466925, -0.94732, -0.923493, 0.660118, -0.840935, -0.97716, -0.561267, -0.654671, -0.662605]
[-0.385475, -0.837536, -0.63304, 0.449344, -0.92897, -0.965693, -0.486495, -0.61941, -0.550548, -0.519927]
[-0.779915, -0.653811, -0.729318, -0.852855, -0.9449, -0.855814, -0.947626, -0.727771, -0.800762, -0.739703]
[-0.734129, -0.753812, -0.766273, -0.996202, -0.730702, -0.852555, -0.961145, -0.825565, -0.907734, -0.922381]
[-0.798212, -0.325611, -0.462769, -0.465007, -0.532748, -0.47009, -0.458205, -0.477737, -0.5535, -0.520663]
[-0.677743, -0.99004, 0.418162, -0.947743, -0.870186, -0.501795, -0.506967, -0.485971, -0.758, -0.607574]
[-0.971571, -0.914059, -0.762077, -0.737694, -0.666271, -0.892896, -0.761616, -0.82678, -0.722496, -0.849841]
[0.850187, -0.91057, -0.613172, -0.471817, 0.925987, -0.029714, -0.056206, -0.080305, -0.126301, 0.031615]
[-0.987692, 0.716439, -0.597808, -0.546402, -0.539176, -0.889702, -0.591301, -0.353362, -0.513354, -0.501299]
[-0.503221, -0.569392, -0.526867, -0.480389, 0.282213, -0.708786, -0.920216, -0.745423, -0.776159, -0.648794]
[0.458916, -0.521095, -0.00917, 0.010526, -0.050782, -0.049364, -0.085409, 0.053327, -0.078009, -0.050527]
[0.607835, -0.963492, -0.600691, -0.547796, -0.459353, -0.466095, -0.458145, -0.368512, -0.464221, -0.40717]
[-0.436735, 0.823044, -0.744519, -0.683835, -0.919474, -0.51056, -0.462167, -0.322215, -0.489757, -0.396975]
[-0.792289, 0.812673, -0.38734, -0.744613, 0.763539, -0.655297, -0.210531, -0.115657, -0.161204, -0.127786]
[-0.936955, -0.740493, 0.67872, -0.710876, -0.418948, -0.342235, -0.496675, -0.478372, -0.499559, -0.344671]
[-0.627083, -0.967863, -0.777273, 0.638874, 0.694838, 0.730893, -0.751487, -0.064947, -0.203926, -0.077625]
[-0.593637, -0.920645, -0.822205, -0.942437, -0.759069, -0.833736, -0.768248, -0.858923, -0.761418, -0.855225]
[-0.887438, -0.794868, -0.610843, -0.809175, -0.811032, 0.850132, -0.463079, -0.555529, -0.451467, -0.551202]
[-0.871375, -0.609885, -0.57807, -0.753527, -0.45366, -0.636677, -0.558621, -0.585666, -0.577269, -0.723075]
[-0.995944, -0.883693, -0.692487, -0.90363, 0.897973, -0.654242, -0.545904, -0.461012, -0.491403, -0.550874]
[-0.98118, -0.733783, -0.930822, -0.527764, 0.984733, -0.789811, -0.480001, -0.405121, -0.594227, -0.470396]
[0.412608, 0.48306, -0.473339, -0.751023, -0.952828, -0.822205, -0.37508, -0.298679, -0.302865, -0.331832]
[-0.604723, 0.418381, -0.889715, -0.678078, -0.583766, -0.372324, -0.53958, -0.390311, -0.499477, -0.515421]
[-0.924948, -0.774378, -0.917527, -0.753098, -0.879555, -0.892647, -0.895687, -0.887907, -0.838952, -0.8662]
[-0.393702, -0.601366, -0.467079, -0.555803, -0.556593, -0.565772, -0.52192, -0.539204, -0.568329, -0.411772]
[0.324343, -0.555511, 0.691444, -0.314274, -0.336466, 0.455662, -0.739101, -0.035047, -0.146419, -0.15662]
[-0.682733, -0.838101, 0.687149, -0.682276, 0.627367, -0.60115, -0.328553, -0.203208, -0.282773, -0.332811]
[-0.726228, 0.641615, 0.894096, 0.469302, 0.224843, 0.332937, 0.323062, 0.408315, 0.341594, 0.405524]
[-0.586092, -0.640444, -0.510481, 0.534248, -0.485761, -0.299356, -0.396721, -0.435161, -0.312655, -0.301794]
[-0.729605, -0.624969, -0.293412, 0.583214, -0.192079, -0.286322, -0.19877, -0.184251, -0.211416, -0.187957]
[-0.87453, 0.623872, -0.469966, 0.412871, 0.500803, 0.043671, -0.057542, 0.052058, 0.015858, 0.023091]
[-0.479557, -0.92272, -0.760904, 0.67236, -0.971391, -0.887474, -0.322115, 0.823638, -0.471907, -0.421944]
[-0.462606, -0.608361, 0.577744, -0.612308, 0.624133, -0.036185, -0.10406, -0.089719, -0.101772, -0.187311]
[0.550485, 0.932593, 0.712182, -0.974745, -0.322029, 0.214822, 0.149443, 0.197383, 0.249918, 0.122274]
[0.418976, -0.677233, -0.889056, -0.552285, -0.486426, -0.490963, -0.501352, -0.329991, -0.5007, -0.401374]
[-0.80306, 0.926057, -0.403141, -0.57009, -0.301909, -0.224979, -0.180158, -0.309466, -0.310624, -0.226168]
[-0.907369, -0.572569, 0.757659, -0.605779, 0.759717, 0.636772, -0.001442, 0.08577, -0.028568, 0.037343]
[-0.619802, 0.716857, 0.025192, -0.041214, -0.017087, 0.105031, -0.046094, -0.035706, -0.035699, 0.038745]
[-0.461047, -0.929839, -0.456542, -0.726659, -0.609861, -0.686456, -0.727239, -0.730385, -0.655806, -0.644733]
[-0.951396, -0.641929, -0.724247, 0.595907, -0.294942, -0.460173, -0.393963, -0.387848, -0.374018, -0.416111]
[0.819378, -0.984609, -0.647754, -0.8992, -0.376009, -0.337603, -0.444645, -0.446155, -0.485817, -0.377602]
[0.750172, -0.824941, -0.889456, -0.349801, -0.279589, -0.331144, -0.371763, -0.23632, -0.311623, -0.387663]
[-0.76111, -0.796227, -0.717595, -0.673501, -0.69972, -0.726784, -0.67174, -0.840154, -0.787589, -0.752759]
[-0.819325, -0.815817, -0.953531, 0.438498, -0.856992, -0.910748, -0.56499, -0.745229, -0.714351, -0.745709]
[-0.802691, -0.812736, -0.677513, -0.823884, -0.517683, -0.926629, -0.860692, -0.986832, -0.39312, -0.761035]
[0.444121, -0.659923, -0.623748, -0.931724, 0.741951, -0.883443, -0.223431, -0.362156, -0.278535, -0.262684]
[-0.965879, -0.451584, 0.749651, -0.839746, -0.401402, -0.816578, -0.696086, -0.444816, -0.390108, -0.433277]
[-0.904808, -0.527424, -0.817197, -0.772763, 0.374276, -0.931033, -0.533465, -0.620656, -0.584131, -0.64716]
[-0.49477, 0.495613, -0.764171, -0.540516, -0.88184, -0.670124, -0.636336, -0.544334, -0.532517, -0.588059]
[-0.794784, -0.852417, -0.796072, -0.938515, -0.80007, 0.341333, -0.681056, -0.600254, -0.605563, -0.658372]
[-0.622598, -0.834249, -0.26117, -0.789799, -0.462791, -0.644739, -0.530203, -0.654057, -0.58265, -0.656492]
[-0.887024, -0.887024, -0.879948, 0.485919, -0.897976, -0.533391, -0.721976, -0.647553, -0.722384, -0.464845]
[0.646396, -0.536388, -0.924631, -0.810886, -0.460902, -0.371425, -0.420073, -0.360819, -0.315541, -0.451409]
[0.643796, -0.966637, -0.876651, -0.58473, -0.670654, -0.823699, -0.856199, -0.575766, -0.523379, -0.509237]
[-0.407772, 0.806184, -0.861562, -0.931347, -0.969983, 0.982726, -0.726239, -0.330187, -0.350246, -0.243304]
[-0.406844, -0.857126, 0.88313, -0.896804, 0.618811, -0.512077, -0.192974, -0.253723, -0.193445, -0.280196]
[0.436865, 0.556596, 0.519015, 0.685914, 0.764175, 0.339121, 0.551523, 0.476856, 0.564794, 0.607311]
[0.57462, -0.621975, -0.755893, -0.779029, -0.317497, 0.601345, -0.227683, -0.134255, -0.155718, -0.139274]
[-0.357735, 0.883591, -0.913897, -0.795269, -0.690639, -0.904882, -0.425129, -0.46235, -0.366666, -0.480729]
[-0.729605, -0.962022, -0.995463, 0.835267, -0.752187, -0.66042, -0.640145, 0.935089, -0.41779, -0.333656]
[-0.881611, 0.377973, 0.966096, 0.614861, 0.710835, 0.29221, 0.31283, 0.313474, 0.401429, 0.269985]
[-0.592292, 0.601345, 0.601345, 0.769798, 0.291516, 0.395269, 0.274958, 0.291866, 0.43322, 0.319364]
[-0.974161, -0.992907, -0.970893, -0.960481, -0.929462, -0.894634, -0.920385, -0.994418, -0.951823, -0.965586]
[0.554689, -0.985959, -0.576238, -0.774879, 0.915984, -0.198395, -0.191134, -0.113637, -0.26095, -0.182046]
