[-0.947188, -0.953181, -0.877585, -0.657365, -0.802191, -0.799186, -0.759283, -0.82344, -0.940473, -0.856092]
[-0.881032, 0.610572, -0.933316, -0.863027, -0.576, 0.39785, -0.846003, -0.402462, -0.363863, -0.418209]
[-0.980409, 0.445492, -0.622825, -0.467555, -0.622279, -0.622279, -0.622279, -0.622279, -0.562559, -0.527398]
[-0.606185, -0.461868, -0.866557, -0.645798, -0.374402, -0.775132, -0.814782, -0.702592, -0.565925, -0.645175]
[-0.866828, -0.91319, -0.776566, -0.807046, -0.757477, -0.804468, -0.737123, -0.816126, -0.765787, -0.816045]
[-0.69471, 0.44935, -0.91787, -0.509317, -0.45601, -0.346493, -0.4709, -0.39965, -0.40128, -0.437034]
[-0.810401, -0.834129, -0.880387, -0.297808, -0.629467, -0.709068, -0.68489, -0.710103, -0.742078, -0.649858]
[-0.448796, -0.846003, -0.812125, -0.592248, -0.703303, -0.76888, -0.778736, -0.610829, -0.73259, -0.713976]
[-0.633769, -0.547605, 0.77236, -0.946616, -0.889887, -0.908847, -0.98786, -0.980371, -0.908847, -0.861362]
[-0.850906, -0.784579, -0.8913, -0.842514, -0.813443, -0.817982, -0.90422, -0.745465, -0.751596, -0.885917]
[-0.845896, 0.578908, -0.730497, -0.972143, -0.69025, -0.431706, -0.76339, -0.786707, -0.595329, -0.508358]
[-0.300452, -0.624655, 0.943373, -0.410884, -0.140027, -0.044945, -0.047545, -0.184088, -0.083537, -0.135833]
[0.278367, -0.576913, 0.90478, 0.924273, 0.482494, 0.450142, 0.328806, 0.352317, 0.416696, 0.357258]
[-0.94641, 0.310942, 0.794217, -0.931436, -0.566006, -0.204851, -0.227747, -0.352791, -0.278616, -0.24566]
[-0.801599, -0.552222, -0.771946, -0.711509, -0.97629, 0.44243, -0.463999, -0.763471, -0.481663, -0.614116]
[0.319826, 0.709504, 0.872289, -0.875657, -0.889652, -0.893213, -0.736232, -0.142842, -0.293833, -0.249297]
[0.39778, -0.593469, -0.629047, -0.836882, -0.402474, -0.404552, -0.343274, -0.477488, -0.510312, -0.324068]
[-0.661452, -0.811626, 0.669778, -0.657585, -0.976363, 0.6606, -0.823365, -0.499489, -0.830429, -0.441349]
[-0.798475, -0.750274, -0.862168, -0.715773, -0.720079, -0.863716, -0.795956, -0.753049, -0.817889, -0.750259]
[-0.516043, -0.948371, -0.501667, -0.577838, -0.572619, -0.557968, -0.577403, -0.621621, -0.640608, -0.704856]
[-0.835283, 0.744387, 0.656045, -0.824154, -0.129713, -0.05434, -0.07669, -0.015811, -0.105058, -0.147005]
[0.549603, -0.761406, 0.880781, 0.280286, 0.168006, 0.187638, 0.147191, 0.158157, 0.2389, 0.207528]
[0.413589, -0.924048, 0.835856, -0.469179, -0.047326, -0.056072, 0.009253, 0.022738, 0.014969, -0.095386]
[0.429025, -0.884901, -0.777534, -0.655814, 0.673442, -0.869506, -0.66975, -0.460403, -0.395979, -0.450224]
[-0.610083, -0.745668, -0.672006, -0.582726, -0.735338, -0.661124, -0.606335, -0.741979, -0.604334, -0.60947]
[-0.789873, 0.630344, 0.630344, -0.233451, -0.811101, -0.172578, -0.178797, -0.143962, -0.153957, -0.112552]
[-0.984195, 0.716467, -0.944453, -0.437848, -0.387188, -0.367228, -0.465729, -0.381302, -0.495725, -0.3694]
[0.0, 0.0, 0.0, 0.0, 0.0, 0.0, 0.0, 0.0, 0.0, 0.0]
[-0.956662, -0.851452, -0.506844, 0.680919, -0.906193, -0.906193, -0.663086, -0.649707, -0.494999, -0.486906]
[0.845195, -0.971518, 0.310073, 0.944204, 0.272714, 0.282852, 0.190779, 0.260215, 0.190184, 0.33052]
[-0.629724, -0.838976, 0.426775, 0.426775, -0.728127, -0.553526, -0.904831, -0.852176, -0.476159, -0.552234]
[-0.834723, 0.609859, -0.752403, -0.941833, -0.510125, -0.493198, -0.537603, -0.433838, -0.381138, -0.418491]
[0.813688, -0.898057, -0.28531, -0.555572, -0.944328, -0.980752, -0.674486, -0.858218, -0.732574, -0.560927]
[-0.779705, 0.302313, 0.302313, 0.302313, 0.08389, 0.000924, -0.05013, 0.129035, -0.064824, -0.035212]
[-0.891771, -0.525632, -0.990128, -0.936398, -0.866088, -0.829673, 0.53974, -0.603953, -0.610596, -0.542345]
[-0.959093, -0.97201, -0.936451, -0.866236, -0.855156, -0.718544, -0.662402, 0.774668, -0.550084, -0.569133]
[-0.553235, -0.571827, -0.748478, -0.765043, -0.591339, -0.999571, -0.458609, -0.966673, -0.632699, -0.628455]
[-0.680696, -0.65579, -0.965858, -0.806695, -0.905383, -0.54997, -0.972311, -0.881729, -0.85559, -0.771648]
[-0.996987, -0.949218, -0.800317, -0.838134, -0.965123, -0.877401, -0.999129, -0.995334, -0.99966, -0.993191]
[-0.785613, -0.804876, -0.615139, -0.620532, -0.749185, -0.599615, -0.635316, -0.688515, -0.592041, -0.756316]
[-0.895816, -0.652603, -0.959175, -0.869491, -0.801314, -0.873107, -0.814808, -0.852279, -0.933707, -0.818518]
[0.418162, -0.506967, -0.806908, -0.683304, -0.929249, -0.619222, -0.819611, -0.592747, -0.503118, -0.522203]
[-0.862625, -0.648048, -0.889266, -0.617068, -0.888498, -0.866153, -0.832297, -0.712378, -0.813073, -0.797032]
[-0.451584, -0.634947, -0.896307, -0.809974, -0.896307, -0.896307, -0.66571, -0.723145, -0.763406, -0.764637]
[-0.892561, -0.693574, 0.872105, -0.443756, -0.893844, -0.545363, -0.545363, -0.350665, -0.420307, -0.439524]
[-0.343841, -0.776159, 0.90483, -0.169506, -0.006823, -0.068823, -0.013046, -0.101953, -0.128127, 0.01042]
[0.515222, -0.606845, -0.596887, -0.290143, -0.132246, -0.228781, -0.304532, -0.322853, -0.250611, -0.199338]
[-0.776416, -0.827254, -0.459353, -0.526692, 0.708636, -0.331208, -0.42332, -0.463079, -0.370714, -0.410304]
[-0.861734, -0.763549, -0.731448, -0.744812, 0.482443, -0.492489, -0.430464, -0.516309, -0.515431, -0.455564]
[-0.976437, -0.666788, -0.858333, 0.763539, -0.68131, -0.568362, -0.481895, -0.530922, -0.454227, -0.422741]
[-0.731805, 0.796255, -0.863374, -0.740493, -0.680792, 0.619122, -0.289988, -0.287953, -0.279887, -0.344556]
[-0.874198, -0.605758, -0.703339, -0.718676, -0.731006, -0.792689, -0.669347, -0.778522, -0.648537, -0.804205]
[-0.778455, -0.63691, -0.801915, -0.750473, -0.527858, -0.717679, -0.610523, -0.758599, -0.723223, -0.657987]
[-0.684459, -0.949973, -0.738836, -0.859547, -0.785664, -0.893549, -0.807301, -0.833387, -0.769961, -0.82821]
[0.714674, -0.558048, -0.459372, -0.835641, -0.385951, -0.716561, -0.312829, -0.339259, -0.416575, -0.346219]
[0.415178, -0.938534, -0.926267, -0.694108, 0.334675, -0.276663, -0.389556, -0.419504, -0.401264, -0.325717]
[-0.803443, -0.865114, -0.818146, -0.577202, -0.657568, -0.932013, -0.855548, -0.748033, -0.853101, -0.760298]
[-0.853136, 0.735137, -0.061818, -0.096946, 0.034031, -0.091159, -0.0498, 0.021879, -0.057411, -0.093481]
[-0.788131, -0.351526, 0.683336, -0.761491, -0.244966, -0.285908, -0.381795, -0.359152, -0.288505, -0.274227]
[-0.906179, -0.802402, -0.715135, 0.60026, -0.455356, -0.446801, -0.39335, -0.457456, -0.464632, -0.475842]
[0.760163, -0.393702, 0.572286, -0.962997, -0.975038, -0.633977, -0.674706, -0.305821, -0.296717, -0.362389]
[0.567252, -0.649104, 0.455662, -0.574549, -0.305481, -0.104046, -0.043747, -0.143237, -0.03825, -0.194494]
[-0.555622, -0.870843, 0.687149, 0.883277, -0.682276, -0.997416, -0.263559, -0.30245, -0.321221, -0.294807]
[-0.67475, 0.635515, -0.643382, -0.360763, -0.517996, -0.249772, -0.354278, -0.283571, -0.250565, -0.2177]
[-0.649398, -0.592737, 0.633494, 0.936896, 0.094702, 0.15294, 0.177472, -0.003444, 0.168297, 9e-06]
[-0.624969, -0.311961, 0.658521, -0.878477, -0.944791, 0.425326, -0.249379, -0.308108, -0.214623, -0.289706]
[0.878044, 0.264326, 0.264326, -0.610346, -0.927988, 0.264326, 0.946332, 0.097888, 0.149346, 0.072444]
[-0.749868, -0.507834, 0.826157, 0.838098, 0.70604, 0.161074, 0.228604, 0.153425, 0.199262, 0.191561]
[-0.462606, 0.681184, -0.713956, -0.73022, 0.635843, -0.664804, -0.287496, -0.231816, -0.282034, -0.22948]
[-0.966093, -0.699069, -0.920849, 0.651644, -0.4903, -0.888404, 0.529435, 0.504135, -0.281516, -0.246242]
[-0.507912, -0.693523, -0.889056, -0.644877, -0.67342, 0.984308, -0.686103, -0.42282, -0.409451, -0.407971]
[0.582764, 0.582764, 0.582764, 0.582764, 0.582764, 0.582764, 0.582764, 0.582764, 0.582764, 0.632575]
[0.0, 0.0, 0.0, 0.0, 0.0, 0.0, 0.0, 0.0, 0.0, 0.0]
[0.438667, -0.874738, -0.759325, -0.968405, -0.527359, -0.480923, -0.463094, -0.548476, -0.574126, -0.451545]
[-0.499198, -0.678018, 0.44243, -0.211029, -0.195673, -0.249552, -0.314489, -0.184824, -0.344513, -0.211236]
[-0.609406, -0.570821, -0.969907, -0.969907, -0.945768, -0.924337, -0.747026, -0.749691, -0.733878, -0.914566]
[-0.888219, -0.799158, 0.613471, -0.791707, 0.819378, -0.238754, -0.171531, -0.267821, -0.194694, -0.268734]
[0.281056, 0.296851, 0.195372, 0.297054, 0.20936, 0.337436, 0.304313, 0.305134, 0.350464, 0.275777]
[-0.738144, 0.893881, -0.664273, -0.57591, -0.256435, -0.212371, -0.20481, -0.339408, -0.281842, -0.285457]
[-0.839441, 0.258727, -0.659388, -0.614233, -0.44277, -0.521547, -0.384437, -0.47881, -0.523062, -0.365122]
[-0.602887, -0.856428, -0.861442, -0.632152, -0.48468, 0.593217, -0.89036, -0.578139, -0.742689, -0.890481]
[-0.949641, 0.867535, -0.687732, 0.444121, -0.673253, 0.533041, -0.122754, -0.036061, -0.070293, -0.10085]
[-0.583521, -0.856225, -0.376964, -0.58236, -0.706064, -0.547858, -0.562286, -0.642855, -0.555509, -0.578961]
[-0.903889, -0.643078, -0.519616, -0.931033, -0.753466, -0.628117, -0.754794, -0.646437, -0.652119, -0.700582]
[-0.27817, -0.49477, -0.892249, -0.845409, -0.513323, 0.386516, -0.766207, 0.528177, -0.285218, -0.360559]
[-0.85999, 0.609035, 0.475283, -0.575772, -0.80007, -0.298439, -0.32271, -0.151042, -0.175244, -0.317438]
[-0.958739, -0.911139, -0.508226, -0.910536, 0.457998, -0.632072, -0.625974, -0.578006, -0.615096, -0.492011]
[-0.831391, -0.856206, -0.883709, -0.826456, -0.887024, -0.887024, -0.902784, -0.882525, -0.876086, -0.891309]
[-0.79756, -0.763587, -0.724614, 0.646396, -0.85092, -0.733753, -0.722831, -0.680021, -0.8862, -0.678257]
[-0.715135, -0.580048, -0.558442, -0.964483, -0.858428, -0.858428, -0.86159, -0.858428, -0.858428, -0.858428]
[0.672988, -0.906662, -0.745636, -0.230523, -0.287748, -0.394816, -0.417523, -0.388974, -0.340589, -0.378895]
[-0.532415, -0.962128, -0.851729, 0.629418, 0.696144, -0.178644, -0.26539, -0.266886, -0.292364, -0.297013]
[0.395024, -0.894479, -0.363978, -0.200268, -0.386377, -0.243893, -0.245364, -0.328911, -0.352004, -0.272614]
[0.57462, -0.442811, 0.703596, 0.854865, 0.767386, -0.662007, 0.954201, 0.369725, 0.430087, 0.410212]
[0.790555, 0.770762, 0.539463, -0.892512, 0.811644, -0.550917, 0.683404, 0.382964, 0.341824, 0.327852]
[0.734374, -0.96315, 0.732725, 0.734374, -0.722416, -0.72632, -0.131521, 0.018035, 0.027073, 0.026935]
[-0.711156, -0.710044, -0.313768, -0.591781, 0.884954, -0.53786, -0.625061, -0.446264, -0.37462, -0.29019]
[0.827552, 0.998481, -0.671193, 0.440808, 0.427643, 0.456124, 0.474744, 0.391884, 0.325212, 0.296032]
[-0.762384, 0.859237, -0.843877, 0.906963, -0.026571, -0.016097, -0.007083, -0.002563, 0.110966, -0.008999]
[-0.483444, -0.871265, -0.895195, -0.88729, 0.60057, 0.276879, -0.298687, -0.304587, -0.301068, -0.417267]
