[-0.623435, -0.926538, -0.811162, -0.916857, -0.826223, -0.745883, -0.811587, -0.826388, -0.781168, -0.910178]
[-0.95779, -0.41421, -0.72901, -0.728695, -0.948488, -0.854084, -0.860636, -0.712464, -0.710075, -0.773729]
[-0.783043, -0.828218, -0.89958, -0.893275, -0.827344, -0.96529, -0.842023, -0.947135, -0.8867, -0.790738]
[-0.379684, -0.905259, -0.470406, 0.957897, -0.760714, 0.968526, 0.794235, -0.968465, -0.141332, -0.107766]
[-0.650422, -0.863107, -0.852443, -0.512149, -0.495284, -0.925519, -0.657316, -0.682346, -0.70566, -0.757485]
[-0.556331, 0.44935, -0.826638, -0.987126, 0.600913, -0.198411, -0.199915, -0.251348, -0.267588, -0.360935]
[0.859689, -0.864681, -0.765329, -0.550876, -0.927055, 0.619243, -0.188282, -0.188399, -0.328703, -0.209458]
[0.932193, -0.692477, -0.957134, 0.876419, -0.855889, -0.040314, -0.210805, -0.061948, -0.136463, -0.101133]
[-0.996592, -0.761176, -0.926804, 0.483792, -0.981852, -0.696177, -0.716256, -0.730413, -0.731737, -0.550898]
[-0.71653, 0.741941, -0.76272, -0.905259, -0.760713, 0.636577, -0.799015, -0.450007, -0.284619, -0.378174]
[0.597238, -0.712334, -0.69025, 0.843582, -0.084898, -0.025511, 0.092703, 0.019866, -0.077972, -0.009212]
[-0.300452, -0.671481, -0.932523, -0.302065, 0.626951, 0.900823, -0.099207, -0.069607, -0.150488, -0.177001]
[-0.438774, 0.806517, -0.922001, -0.408954, -0.352212, -0.244591, -0.255402, -0.334087, -0.347412, -0.302191]
[-0.447108, -0.910629, -0.782078, -0.783797, -0.738106, -0.81748, -0.733113, -0.6888, -0.696995, -0.824499]
[-0.962769, -0.964108, -0.463999, -0.784185, -0.569866, -0.711115, -0.790321, -0.721842, -0.741308, -0.762113]
[-0.621765, 0.384312, -0.779954, -0.687128, -0.330504, -0.330368, -0.735577, -0.372649, -0.481684, -0.422016]
[0.838243, -0.53069, 0.403045, 0.151548, 0.22598, 0.15823, 0.270923, 0.237448, 0.139679, 0.161991]
[-0.72979, -0.579082, -0.969488, 0.590483, -0.439029, -0.459198, -0.474727, -0.403304, -0.458017, -0.450088]
[-0.564554, -0.524093, 0.9313, -0.029841, 0.043902, -0.030701, -0.019721, 0.040781, -0.029788, -0.119849]
[-0.973777, 0.557264, 0.338258, -0.923079, -0.198077, -0.220453, -0.210698, -0.250889, -0.293065, -0.162985]
[0.708562, -0.711626, -0.711626, -0.587782, -0.283115, -0.418487, -0.26664, -0.394787, -0.42236, -0.32685]
[-0.80062, -0.680323, 0.682603, -0.262981, -0.194519, -0.228407, -0.223827, -0.173587, -0.166749, -0.288716]
[0.842186, -0.703569, 0.116565, 0.157257, 0.103532, 0.100756, 0.02628, 0.055566, 0.11679, 0.067251]
[0.668455, -0.703569, -0.085205, -0.047579, -0.000237, 0.014472, 0.046817, -0.064846, -0.098124, -0.087036]
[0.57828, -0.703569, -0.703569, -0.228709, -0.330123, -0.20271, -0.245481, -0.257423, -0.374197, -0.212229]
[0.0, 0.0, 0.0, 0.0, 0.0, 0.0, 0.0, 0.0, 0.0, 0.0]
[0.840481, 0.769615, 0.938551, 0.867593, 0.834401, 0.758663, 0.780085, 0.787338, 0.841081, 0.927065]
[-0.752314, -0.553696, -0.574346, -0.594419, -0.728637, -0.639103, -0.734256, -0.610597, -0.61383, -0.652764]
[-0.870263, -0.760564, -0.831799, -0.716091, -0.79483, -0.813834, -0.798697, -0.747477, -0.82831, -0.86828]
[-0.711626, -0.711626, -0.629752, 0.594902, -0.43307, -0.439501, -0.287031, -0.274582, -0.401223, -0.266689]
[-0.994505, -0.626738, -0.979324, -0.865814, -0.68808, -0.889029, 0.913127, 0.780462, 0.775806, -0.379762]
[-0.681617, 0.463579, -0.877549, -0.877549, -0.877549, -0.930362, -0.919786, -0.657715, -0.678144, -0.746118]
[-0.879848, -0.87987, -0.539184, -0.772639, -0.96469, -0.850773, -0.686468, -0.432587, -0.589297, -0.811987]
[0.315454, -0.814461, -0.302309, -0.652691, -0.644586, -0.885273, -0.933548, -0.88969, -0.684675, -0.670147]
[-0.848013, -0.932784, -0.307658, -0.690248, -0.540041, -0.402767, -0.8971, -0.623058, -0.661758, -0.613557]
[-0.987258, -0.794713, -0.84279, -0.575569, -0.458134, -0.635952, -0.779732, -0.715797, -0.794339, -0.687608]
[-0.553235, -0.605582, -0.830354, -0.761368, -0.934289, -0.947749, -0.362481, -0.767547, -0.813288, -0.778571]
[-0.948656, -0.948656, -0.952656, -0.777754, -0.957608, -0.838067, -0.948656, -0.543098, -0.948656, -0.948656]
[-0.896689, -0.995334, -0.917702, -0.947979, -0.627815, -0.292191, -0.786122, -0.916412, -0.707698, -0.691522]
[-0.800224, -0.984857, -0.98842, -0.671152, -0.936175, -0.668703, -0.905874, -0.841453, -0.929072, -0.77976]
[0.66219, 0.626015, 0.587472, 0.5926, 0.576637, 0.721611, 0.630276, 0.662026, 0.580415, 0.624892]
[-0.99004, 0.418162, -0.888067, 0.394251, -0.386684, -0.340056, -0.207451, -0.366465, -0.293443, -0.347117]
[-0.780202, -0.943021, -0.909454, -0.924171, -0.888523, -0.889304, -0.899959, -0.955614, -0.916514, -0.931075]
[-0.890667, -0.948593, -0.961211, -0.85405, -0.945568, -0.871132, -0.880128, -0.903603, -0.974436, -0.888828]
[-0.432926, -0.540255, -0.964761, -0.950483, 0.879167, -0.918433, 0.87538, -0.321271, -0.305167, -0.245202]
[-0.76679, -0.411138, -0.970212, -0.806283, -0.91, -0.677665, -0.821165, -0.754665, -0.871064, -0.712057]
[-0.68085, -0.754434, -0.744164, -0.833848, -0.710843, -0.758157, -0.683491, -0.783564, -0.737063, -0.747069]
[-0.864974, -0.837021, -0.877529, -0.918768, -0.621623, -0.657455, -0.605703, -0.801459, -0.705997, -0.778491]
[-0.962166, -0.94636, 0.628163, -0.662297, -0.432902, -0.451897, -0.455604, -0.484648, -0.493603, -0.479323]
[-0.375492, -0.764632, -0.987, -0.797158, -0.766006, -0.666039, -0.789611, -0.685549, -0.673235, -0.721666]
[-0.696071, -0.596541, -0.700433, -0.759351, -0.743931, -0.60541, -0.753103, -0.770547, -0.663554, -0.752296]
[-0.703422, -0.781449, -0.829648, 0.939288, -0.291386, -0.276184, -0.437831, -0.307084, -0.359526, -0.348194]
[-0.693333, 0.602654, -0.924428, -0.876016, -0.613416, -0.921028, 0.647344, -0.430173, -0.453413, -0.441423]
[0.729534, -0.693333, -0.494961, -0.22659, -0.194081, -0.145826, -0.1338, -0.102126, -0.224155, -0.234633]
[-0.69943, -0.99388, -0.938392, -0.801535, -0.724862, 0.297885, 0.939288, -0.329542, -0.395468, -0.33011]
[-0.340948, -0.736588, -0.693333, -0.979542, -0.744471, -0.739054, -0.701033, -0.750936, -0.748534, -0.62175]
[-0.584905, -0.874724, 0.553187, 0.842158, 0.018158, 0.04606, -0.083939, -0.082042, 0.032747, 0.018101]
[-0.745299, -0.736068, -0.661631, -0.667138, -0.835782, -0.675019, -0.795147, -0.724744, -0.759945, -0.805477]
[-0.693333, 0.727285, -0.586372, -0.849352, -0.901124, -0.748456, -0.576151, -0.450414, -0.526028, -0.41583]
[-0.443758, -0.389254, -0.36382, -0.413053, -0.489928, -0.374243, -0.430267, -0.489741, -0.483876, -0.35675]
[-0.514593, 0.962434, 0.54417, 0.797965, -0.677021, -0.75281, 0.032247, 0.126842, 0.126267, 0.131964]
[0.99074, -0.956612, 0.518964, 0.731288, 0.892932, -0.782972, 0.283173, 0.245254, 0.315102, 0.141184]
[0.309447, -0.682276, -0.691688, -0.308488, -0.385252, -0.28948, -0.336428, -0.418893, -0.336134, -0.409775]
[-0.737109, -0.517996, -0.865083, -0.653219, 0.942004, -0.340545, -0.315291, -0.458935, -0.307408, -0.388162]
[0.743786, -0.808425, -0.395328, 0.656173, -0.602958, 0.806545, -0.870772, -0.099966, -0.161626, -0.084306]
[-0.353497, 0.803958, -0.775146, 0.805537, -0.613436, -0.495222, -0.143138, -0.0463, -0.197165, -0.048123]
[-0.93694, 0.918414, 0.437176, -0.607001, 0.023692, 0.045615, 0.01733, -0.105976, -0.01821, -0.023795]
[-0.534345, 0.963275, -0.690342, 0.391502, -0.582425, 0.753712, 0.324701, 0.566398, -0.597135, 0.016133]
[-0.626713, 0.90205, 0.681184, 0.552145, -0.734632, -0.479756, -0.469592, -0.604508, 0.880869, -0.018544]
[-0.520315, 0.58799, 0.996062, 0.27314, 0.305642, 0.347208, 0.330819, 0.284845, 0.258778, 0.403501]
[-0.8731, -0.697026, -0.438823, -0.68563, -0.678187, -0.589558, -0.726137, -0.683703, -0.730805, -0.659622]
[-0.955266, -0.968084, -0.98727, -0.911517, -0.961193, -0.897891, -0.951028, -0.974286, -0.971273, -0.976748]
[0.694513, 0.603871, 0.763949, 0.688931, 0.771009, 0.674817, 0.598028, 0.782558, 0.766281, 0.73212]
[0.643746, 0.983266, 0.563084, -0.878117, 0.39308, 0.246314, 0.418746, 0.404018, 0.270306, 0.42662]
[0.607522, -0.921153, -0.226785, -0.214796, -0.200139, -0.242994, -0.118505, -0.138155, -0.141527, -0.202106]
[-0.530596, -0.974464, -0.679469, -0.802476, -0.799805, -0.724176, -0.770313, -0.803683, -0.748324, -0.692138]
[0.0, 0.0, 0.0, 0.0, 0.0, 0.0, 0.0, 0.0, 0.0, 0.0]
[0.741238, 0.935794, 0.893295, 0.861014, 0.873639, 0.838394, 0.767502, 0.7739, 0.817717, 0.896546]
[0.945512, 0.969978, 0.961582, 0.963007, 0.968891, 0.947347, 0.987398, 0.932526, 0.852732, 0.90874]
[-0.699068, -0.699036, -0.731469, -0.710139, -0.778048, -0.677654, -0.733067, -0.722234, -0.655519, -0.753655]
[-0.659795, -0.447571, -0.454788, -0.707261, -0.746522, -0.871798, -0.725608, -0.709931, -0.601759, -0.639677]
[-0.631271, -0.755638, -0.730374, -0.77939, 0.518409, -0.75722, -0.534514, -0.517816, -0.598279, -0.547057]
[-0.860608, -0.731284, -0.888907, -0.860608, -0.782126, -0.917808, -0.764226, -0.823596, -0.868757, -0.845278]
[-0.869085, -0.799293, -0.873581, -0.970655, -0.934933, 0.929826, -0.505492, -0.590505, -0.54713, -0.570235]
[-0.812826, -0.637096, -0.919684, -0.89053, 0.496117, -0.99756, -0.705079, -0.710307, -0.666719, -0.695724]
[-0.674614, 0.481034, -0.729699, -0.761809, -0.644441, 0.878965, -0.901378, 0.713509, -0.176772, -0.182918]
[0.528448, -0.749663, -0.610989, -0.564296, -0.75879, -0.365247, -0.403796, -0.347231, -0.367261, -0.50363]
[-0.402049, -0.838666, -0.865257, -0.674254, -0.747606, -0.658987, -0.700174, -0.641654, -0.629421, -0.6383]
[-0.722831, -0.680021, -0.302609, -0.705152, -0.511038, -0.799988, -0.952706, -0.873491, -0.707402, -0.701484]
[0.835845, -0.672853, 0.386562, -0.828128, -0.670878, -0.527003, -0.84251, -0.400295, -0.415845, -0.413865]
[0.976594, 0.938529, 0.76648, 0.915643, 0.80234, -0.683287, 0.689044, 0.691437, 0.562442, 0.643028]
[0.841159, -0.954238, 0.748232, 0.96609, 0.473823, 0.445066, 0.463001, 0.442567, 0.325734, 0.414062]
[0.578521, 0.900705, 0.784433, 0.802933, 0.741561, 0.681741, 0.716877, 0.83571, 0.777093, 0.724332]
[0.826826, 0.998932, 0.947748, 0.979522, 0.935145, 0.906202, 0.933088, 0.85411, 0.856891, 0.819221]
[-0.854107, 0.952045, -0.893166, -0.172177, -0.210882, -0.220093, -0.355402, -0.3235, -0.331922, -0.244431]
[-0.498335, 0.372208, 0.742626, -0.739029, -0.745356, 0.481034, -0.082383, -0.030102, 0.026347, 0.034001]
[0.610135, -0.638909, 0.061456, 0.037793, -0.098404, 0.017487, 0.072144, 0.005477, -0.002611, 0.032796]
[-0.54251, 0.858903, -0.739029, 0.54466, 0.041135, 0.039779, 0.02718, 0.094078, 0.040649, 0.085343]
[-0.861129, 0.989966, -0.586372, 0.673874, -0.664281, 0.432044, 0.030719, 0.023819, -0.079381, -0.095984]
[0.642804, 0.994551, -0.325141, -0.401648, 0.83403, 0.268333, 0.279409, 0.274455, 0.443043, 0.390197]
