-0.658472
-0.927924
0
0
-0.966058
-0.964663
-0.966058
-0.96058
0
0
0
0
0
0.477617
0
0
0
-0.322019
-0.793754
-0.281162
-0.595146
0
0
0
0
-0.879495
0
-0.604846
-0.916396
-0.709955
0
-0.820614
-0.966058
-0.971231
0.896574
-0.748866
-0.683567
-0.481017
0.408223
0
-0.876592
0
0
-0.612852
-0.992637
-0.966058
0
0
-0.861503
0
0
-0.580527
0
-0.559543
-0.867567
0
0
-0.861563
0
-0.716941
-0.3364
-0.761046
-0.851509
0
0
0
-0.775103
-0.383286
-0.940916
-0.98488
0
-0.821064
-0.808172
0
0
0
-0.687986
-0.633545
-0.975054
0.637961
-0.567396
0
-0.86323
-0.755287
-0.966058
-0.971726
0
-0.742457
0
0
